400
600
228 83
376 246
188 217
59 452
239 409
60 557
290 266
284 467
307 95
285 334
349 79
150 587
217 165
69 380
341 176
170 381
69 97
193 545
297 214
229 230
280 429
84 257
22 597
213 382
122 386
381 462
353 73
293 284
21 113
368 488
89 197
37 321
320 170
163 577
190 541
55 282
24 496
380 531
259 340
184 455
237 484
55 399
85 149
370 444
63 218
378 431
30 351
337 200
147 532
384 319
175 386
124 88
250 19
92 139
70 455
45 492
387 434
109 122
340 280
210 431
293 574
170 479
66 268
300 355
304 263
87 299
22 480
330 508
299 597
57 194
135 423
365 40
83 313
211 165
74 132
343 417
325 220
6 526
287 554
25 270
218 47
311 89
279 222
51 198
280 350
9 200
246 256
383 291
63 395
201 159
215 328
258 591
140 253
395 517
346 397
289 474
192 47
150 102
281 358
303 235
285 467
221 374
175 25
146 239
359 524
85 36
96 342
344 372
3 329
293 225
130 376
361 527
99 433
1 70
115 135
359 185
363 182
221 14
102 593
232 340
224 288
40 255
251 69
64 147
309 507
62 462
224 348
105 446
244 380
57 9
38 338
83 73
33 448
112 457
372 74
99 22
290 118
356 146
386 520
221 344
299 394
41 142
